NAMES
khoi
Bot
khoi
0 650 650 140 0
Bot
0 455 650 215 0
0 8 0
2 2 2 2 2 2 2 2 2 2 2 2 
2 2 2 2 2 2 2 2 2 2 2 2 
2 2 2 2 2 2 2 2 2 2 2 2 
2 2 2 2 2 2 2 2 2 2 2 2 
2 2 2 2 2 2 1 2 2 2 2 2 
2 2 2 2 2 1 2 2 2 2 2 2 
2 2 2 2 1 0 0 2 2 2 2 2 
2 2 2 1 0 2 2 2 2 2 2 2 
2 2 2 0 2 2 2 2 2 2 2 2 
2 2 2 2 2 2 2 2 2 2 2 2 
2 2 2 2 2 2 2 2 2 2 2 2 
2 2 2 2 2 2 2 2 2 2 2 2 
1 0
MOVE_HISTORY
8
6 6 0 0
5 5 1 0
6 5 0 0
6 4 1 0
7 4 0 0
7 3 1 0
8 3 0 0
4 6 1 0
UNDO_STACK
8
6 6 0 0
5 5 1 0
6 5 0 0
6 4 1 0
7 4 0 0
7 3 1 0
8 3 0 0
4 6 1 0
REDO_STACK
0
